4294967278,254
4294967279,126
4294967279,125
4294967278,252
4294967279,128
4294967279,127
4294967278,242
4294967278,241
4294967278,238
4294967278,228
4294967278,227
4294967279,130
4294967279,129
4294967278,222
4294967279,132
4294967279,131
4294967278,221
4294967278,218
4294967279,452
4294967278,214
4294967278,5
4294967278,4
4294967278,210
4294967278,208
4294967279,451
4294967278,204
4294967278,202
4294967278,7
4294967278,6
4294967278,391
4294967278,199
4294967278,198
4294967278,390
4294967278,9
4294967278,8
4294967278,389
4294967278,193
4294967278,192
4294967278,306
4294967278,187
4294967279,188
4294967278,12
4294967278,11
4294967278,10
4294967278,343
4294967279,307
4294967278,304
4294967279,306
4294967278,303
4294967279,185
4294967278,183
4294967279,184
4294967278,15
4294967278,14
4294967278,13
4294967278,302
4294967279,304
4294967278,181
4294967279,405
4294967279,182
4294967278,179
4294967279,180
4294967278,178
4294967279,178
4294967278,176
4294967279,177
4294967279,450
4294967278,173
4294967279,175
4294967278,172
4294967279,173
4294967278,340
4294967279,302
4294967278,170
30,6
4294967279,171
30,4
30,5
4294967278,25
4294967278,24
4294967278,23
4294967278,22
4294967278,21
4294967278,20
4294967278,19
4294967278,18
4294967278,17
4294967278,16
4294967278,299
4294967294,1023
4294967294,388
4294967279,402
4294967278,339
4294967279,301
4294967279,166
4294967278,164
4294967279,165
4294967278,163
30,7
4294967278,160
4294967279,164
4294967278,162
4294967279,163
4294967278,161
30,3
30,2
30,1
4294967278,296
4294967279,162
4294967279,401
4294967278,337
4294967279,157
4294967278,336
4294967279,400
4294967278,295
4294967279,297
4294967279,296
4294967278,335
4294967279,399
4294967278,334
4294967294,114
4294967294,387
4294967294,109
4294967294,108
4294967294,111
4294967294,167
4294967279,152
4294967278,151
4294967279,151
4294967278,150
4294967279,150
4294967278,149
4294967279,149
4294967278,148
4294967279,148
4294967278,147
4294967279,147
4294967278,146
4294967279,146
4294967278,145
4294967279,145
4294967278,144
4294967279,144
4294967278,143
4294967294,46
4294967279,143
4294967278,142
4294967279,142
4294967278,141
4294967279,141
4294967294,456
4294967294,457
4294967294,425
4294967278,140
4294967279,140
4294967278,139
4294967279,139
4294967278,138
4294967279,279
4294967294,519
4294967294,426
4294967294,451
4294967294,454
4294967278,276
4294967279,137
4294967278,136
4294967294,455
4294967294,535
4294967279,136
4294967278,135
4294967279,135
4294967279,133
4294967294,10
4294967294,1184
4294967278,37
4294967278,36
4294967278,35
4294967278,34
4294967278,33
4294967278,32
4294967278,31
4294967278,30
4294967278,29
4294967278,28
4294967278,27
4294967278,26
4294967279,418
4294967279,290
4294967294,94
4294967294,96
4294967279,271
4294967279,274
4294967279,273
4294967279,272
4294967279,282
0,7
4294967279,270
4294967294,107
4294967294,43
4294967294,1180
4294967279,287
4294967294,91
4294967294,87
4294967294,85
4294967294,84
4294967294,1022
4294967294,1182
4294967294,29
4294967294,53
4294967294,393
4294967294,44
4294967294,39
4294967294,41
4294967294,38
4294967294,36
4294967279,268
4294967279,288
2,4
4294967279,414
4294967279,266
4294967278,39
4294967278,38
4294967279,394
4294967278,41
4294967278,40
4294967279,393
4294967279,263
4294967278,43
4294967278,42
4294967279,262
4294967279,261
23,2
4294967278,46
4294967278,45
4294967278,44
4294967279,275
4294967278,388
14,2
4294967279,258
4294967278,353
4294967278,50
4294967278,49
4294967278,48
4294967278,47
4294967278,323
23,5
23,7
4294967294,75
4294967294,14
4294967294,20
4294967294,13
4294967294,126
4294967278,52
4294967278,51
4294967278,387
4294967278,346
4294967278,352
4294967279,449
4294967278,320
4294967278,318
4294967278,55
4294967278,54
4294967278,53
4294967278,351
4294967278,350
4294967278,253
4294967279,71
4294967279,69
4294967279,68
4294967278,316
4294967278,250
4294967278,248
4294967279,448
4294967278,247
4294967278,244
4294967278,243
4294967278,240
4294967278,239
4294967278,237
4294967279,66
4294967279,64
4294967279,62
4294967279,60
4294967279,58
4294967278,234
4294967278,232
4294967278,231
3,2
4294967278,229
4294967278,226
4294967278,224
4294967278,223
4294967279,260
4294967279,174
4294967279,56
4294967279,55
4294967279,53
4294967279,52
4294967279,51
4294967279,50
4294967279,49
4294967279,48
4294967279,46
4294967279,44
4294967279,42
4294967279,41
4294967279,39
4294967279,38
4294967279,35
4294967278,220
4294967278,219
14,5
4294967278,216
4294967278,215
4294967278,213
4294967278,314
4294967294,30
4294967294,1173
4294967294,1172
4294967294,1170
4294967294,1169
4294967294,1164
4294967294,1153
4294967294,998
4294967294,996
4294967294,995
4294967294,994
4294967294,993
4294967294,60
4294967294,127
4294967294,18
23,1
4294967278,211
23,4
4294967279,33
4294967279,32
4294967279,30
4294967279,28
4294967279,27
4294967279,26
4294967279,25
4294967278,313
4294967278,209
4294967279,447
4294967278,207
20,2
20,5
4294967278,205
3,5
20,4
20,7
4294967279,24
4294967279,23
4294967279,22
4294967279,15
4294967279,13
4294967279,11
